0 0 0
1 -4 -4
2 0 0
3 -3 -2
4 0 0
5 -3 -3
6 0 0
7 -2 -3
8 0 0
9 -2 -3
10 0 0
11 -2 -3
12 0 0
13 -2 -14740
14 0 0
15 -2 -2
16 0 0
17 -2 -1
18 0 0
19 -1 -2
20 0 0
21 -2 -2
22 0 0
23 -1 0
24 0 0
25 -1 0
26 0 0
27 -1 -1
28 0 0
29 -2 -1
30 0 0
31 -2 0
32 0 0
33 0 -1
34 0 0
35 0 -1
36 0 0
37 0 -1
38 0 0
39 -1 1
40 0 0
41 -1 -1
42 0 0
43 0 -2
44 0 0
45 -1 -1
46 0 0
47 -1 -1
48 0 0
49 -1 -2
50 0 0
51 -1 0
52 0 0
53 -1 -2
54 0 0
55 0 -1
56 0 0
57 -1 -1
58 0 0
59 -2 -2
60 0 0
61 0 -1
62 0 0
63 -1 -1
64 0 0
65 0 0
66 0 0
67 0 0
68 0 0
69 0 -1
70 0 0
71 0 -1
72 0 0
73 0 -1
74 0 0
75 0 0
76 0 0
77 0 0
78 0 0
79 0 0
80 0 0
81 0 -1
82 0 0
83 0 -2
84 0 0
85 0 0
86 0 0
87 0 -1
88 0 0
89 0 0
90 0 0
91 0 0
92 0 0
93 0 -1
94 0 0
95 0 0
96 0 0
97 0 0
98 0 0
99 0 -1
100 0 0
101 0 -1
102 0 0
103 0 0
104 0 0
105 0 0
106 0 0
107 0 0
108 0 0
109 0 -1
110 0 0
111 0 0
112 0 0
113 0 -2
114 0 0
115 0 -2
116 0 0
117 0 0
118 0 0
119 0 0
120 0 0
121 -1 0
122 0 0
123 0 -1
124 0 0
125 0 -1
126 0 0
127 0 0
128 0 0
129 0 0
130 0 0
131 -1 0
132 0 0
133 1 -1
134 0 0
135 0 -1
136 0 0
137 0 1
138 0 0
139 0 -1
140 0 0
141 0 0
142 0 0
143 0 0
144 0 0
145 0 -1
146 0 0
147 1 0
148 0 0
149 0 0
150 0 0
151 1 0
152 0 0
153 1 0
154 0 0
155 1 -1
156 0 0
157 0 1
158 0 0
159 0 0
160 0 0
161 0 -1
162 0 0
163 0 -1
164 0 0
165 0 -1
166 0 0
167 1 -1
168 0 0
169 1 1
170 0 0
171 0 0
172 0 0
173 1 1
174 0 0
175 1 1
176 0 0
177 1 0
178 0 0
179 1 0
180 0 0
181 1 0
182 0 0
183 0 1
184 0 0
185 1 1
186 0 0
187 0 0
188 0 0
189 0 -1
190 0 0
191 1 -1
192 0 0
193 0 0
194 0 0
195 0 0
196 0 0
197 0 1
198 0 0
199 0 -1
200 0 0
201 0 -1
202 0 0
203 0 0
204 0 0
205 0 0
206 0 0
207 0 0
208 0 0
209 0 -1
210 0 0
211 0 0
212 0 0
213 0 0
214 0 0
215 0 1
216 0 0
217 0 -2
218 0 0
219 0 0
220 0 0
221 0 1
222 0 0
223 0 0
224 0 0
225 0 0
226 0 0
227 0 -1
228 0 0
229 0 -1
230 0 0
231 0 0
232 0 0
233 0 0
234 0 0
235 0 0
236 0 0
237 0 1
238 0 0
239 0 0
240 0 0
241 0 0
242 0 0
243 0 14738
244 0 0
245 0 0
246 0 0
247 0 0
248 0 0
249 1 0
250 0 0
251 0 1
252 0 0
253 0 -1
254 0 0
255 0 0
